50
49
48
47
46
45
44
43
42
41
40
39
38
37
36
35
34
33
32
31
30
29
28
27
26
25
24
23
22
21
20
19
18
17
16
15
14
13
12
11
10
9
8
7
6
5
4
3
2
1
0.04871188200771822
0.04692249607140864
0.04278788488288036
0.0348658073282297
0.027210321886233527
0.025976897542414452
0.025943444423333843
0.025723494319246972
0.02419115754047328
0.022823973299839775
0.019369270935772957
0.017860575809393396
0.013556153230049097
0.012221523330158177
0.011769476762735117
0.010972072232690476
0.010824498783368159
0.01017743812036979
0.009382546876378099
0.009331483024016545
0.007776627523861404
0.007083776773459867
0.006664534487685221
0.004530237605167657
0.0032448481822453133
0.0022697914802866795
0.000488760120102228
0
-0.00630679613603396
-0.00652534107839211
-0.007034796406763847
-0.007180147304143145
-0.009234083869023527
-0.010505821693060443
-0.01064250283978461
-0.010713154900674324
-0.011088376817112063
-0.011360477234770896
-0.01427030839412221
-0.01612010922952374
-0.017563076653638144
-0.022226255444312414
-0.026494486153166453
-0.027161973008814545
-0.03220058383560076
-0.03248591954126552
-0.032935066103364455
-0.04135190009691496
-0.046347690840470225
-0.054220106865268854
-0.05594194409296984
-0.3593327185488122
