50
49
48
47
46
45
44
43
42
41
40
39
38
37
36
35
34
33
32
31
30
29
28
27
26
25
24
23
22
21
20
19
18
17
16
15
14
13
12
11
10
9
8
7
6
5
4
3
2
1
0.09604152709605729
0.06768071735527849
0.06251803762323918
0.05918653516378185
0.05760873455605504
0.05025239479693531
0.04994364680207932
0.045035347244967314
0.0404968784836343
0.03691988114938266
0.03588513096065517
0.035470501005576076
0.028668610585503802
0.026861769360952387
0.02359596458871177
0.021348868094938144
0.020757467129011845
0.0189341122890847
0.010425799803196377
0.010271089018695697
0.010194504248887041
0.00678620436218457
0.001342865709996084
0.0007444159568117135
0
-0.000977745613310543
-0.0015402857641853933
-0.004668648776748147
-0.006392546232906967
-0.006961425816362507
-0.012928689612555664
-0.016071889054957378
-0.016481322651659473
-0.0168936238312543
-0.01845724537827933
-0.0196986563627749
-0.020167616657532722
-0.021406988127724732
-0.021528798913405246
-0.0236595413089793
-0.02426622230052691
-0.03116661997074642
-0.03314153955456952
-0.03359435999834849
-0.03631200326367189
-0.03739660519572167
-0.046040838085264185
-0.0751762834893695
-0.07949059294507672
-0.08826654034444137
-0.09543228535274782
-0.7128396771612349
