50
49
48
47
46
45
44
43
42
41
40
39
38
37
36
35
34
33
32
31
30
29
28
27
26
25
24
23
22
21
20
19
18
17
16
15
14
13
12
11
10
9
8
7
6
5
4
3
2
1
0.0921800046186733
0.05891377078050205
0.05723358481432249
0.05648903645832943
0.05157839565628445
0.045695118785563774
0.04354735308682535
0.03542025154609315
0.03357964253748159
0.029141810190375848
0.02402498439679679
0.022946401813822594
0.021254516456860453
0.01665184976392894
0.014560449503367557
0.012780146241492145
0.012310499928228672
0.012126472226163962
0.009810366658237967
0.0075775338464926425
0.006408102917348355
0.005405885572887886
0.00403039478715782
0.001961674043980194
0.0012067949488136027
0.0009760684521186437
0.0007203201782642221
0
-0.003912074814071458
-0.0056923845265721236
-0.006871127698597484
-0.008103319776839845
-0.010292342804139624
-0.01054546705069386
-0.010776483347664692
-0.011257382682006711
-0.019880221781419707
-0.020381859964438972
-0.022667467071488034
-0.02273080771502241
-0.022827245643301977
-0.02451205629402699
-0.030699507640854797
-0.03213522200715696
-0.03383885050692634
-0.039326335301422044
-0.04388817845542846
-0.04677616457728656
-0.04929896041918077
-0.057566057774258605
-0.06976330311104656
-0.7235631612756985
